4294967279,305
4294967279,304
4294967278,569
4294967279,303
4294967279,302
4294967278,568
4294967279,301
4294967279,300
4294967294,897
439,6
439,5
439,4
439,3
439,2
439,1
439,0
4294967279,299
438,5
438,4
438,3
438,2
438,1
438,0
437,4
437,3
437,2
437,1
437,0
4294967279,298
436,6
436,5
436,4
436,3
436,2
436,1
436,0
4294967279,297
435,5
435,4
435,3
435,2
435,1
435,0
434,4
434,3
434,2
434,1
434,0
4294967279,296
4294967279,295
4294967278,369
433,6
433,5
433,4
433,3
433,2
433,1
433,0
4294967279,294
432,6
432,5
432,4
432,3
432,2
432,1
432,0
431,6
431,5
431,4
431,3
431,2
431,1
431,0
430,6
430,5
430,4
430,3
430,2
430,1
430,0
4294967279,293
429,6
429,5
429,4
429,3
429,2
429,1
429,0
4294967279,292
4294967279,291
4294967294,471
4294967294,971
428,5
428,4
428,3
428,2
428,1
428,0
4294967279,290
427,4
427,3
427,2
427,1
427,0
4294967278,318
4294967278,567
426,5
426,4
426,3
426,2
426,1
426,0
4294967278,566
425,5
425,4
425,3
425,2
425,1
425,0
4294967278,565
4294967279,289
424,5
424,4
424,3
424,2
424,1
424,0
4294967279,403
423,5
423,4
423,3
423,2
423,1
423,0
422,6
422,5
422,4
422,3
422,2
422,1
422,0
4294967279,288
4294967279,405
421,5
421,4
421,3
421,2
421,1
421,0
4294967279,384
4294967278,564
420,6
420,5
420,4
420,3
420,2
420,1
420,0
419,5
419,4
419,3
419,2
419,1
419,0
418,5
418,4
418,3
418,2
418,1
418,0
417,5
417,4
417,3
417,2
417,1
417,0
416,5
416,4
416,3
416,2
416,1
416,0
415,4
415,3
415,2
415,1
415,0
414,4
414,3
414,2
414,1
414,0
413,4
413,3
413,2
413,1
413,0
412,4
412,3
412,2
412,1
412,0
4294967278,563
4294967279,287
4294967278,562
4294967279,283
4294967293,131
4294967293,130
4294967293,129
4294967293,128
4294967293,127
4294967293,126
4294967293,125
4294967293,124
4294967293,123
4294967293,122
4294967293,121
4294967293,120
4294967293,119
4294967293,118
4294967293,117
4294967293,116
4294967293,115
4294967293,114
4294967293,113
4294967293,112
4294967293,111
4294967293,110
4294967293,109
4294967293,108
4294967293,107
4294967293,106
4294967293,105
4294967293,104
4294967293,103
4294967293,102
4294967293,101
4294967293,100
4294967293,99
4294967293,98
4294967293,97
4294967293,96
4294967293,95
4294967293,94
4294967293,93
4294967293,92
4294967293,91
4294967293,90
4294967293,89
4294967293,88
4294967293,87
4294967293,86
4294967293,85
4294967293,84
4294967293,83
4294967293,82
4294967293,81
4294967293,80
4294967293,79
4294967293,78
4294967293,77
4294967293,76
4294967293,75
4294967293,74
4294967293,73
4294967293,72
4294967293,71
4294967293,70
4294967293,69
4294967293,68
4294967293,67
4294967293,66
4294967293,65
4294967293,64
4294967293,63
4294967293,62
4294967293,61
4294967293,60
4294967293,59
4294967293,58
4294967293,57
4294967293,56
4294967293,55
4294967293,54
4294967293,53
4294967293,52
4294967293,51
4294967293,50
4294967293,49
4294967293,48
4294967293,47
4294967293,46
4294967293,45
4294967293,44
4294967293,43
4294967293,42
4294967293,41
4294967293,40
4294967293,39
4294967293,38
4294967293,37
4294967293,36
4294967293,35
4294967293,34
4294967293,33
4294967293,32
4294967293,31
4294967293,30
4294967293,29
4294967293,28
4294967293,27
4294967293,26
4294967293,25
4294967293,24
4294967293,23
4294967293,22
4294967293,21
4294967293,20
4294967293,19
4294967293,18
4294967293,17
4294967293,16
4294967293,15
4294967293,14
4294967293,13
4294967293,12
4294967293,11
4294967293,10
4294967293,9
4294967293,8
4294967293,7
4294967293,6
4294967293,5
4294967293,4
4294967293,3
4294967293,2
4294501266,0
4294501265,0
4294501264,0
4294501263,0
4294501262,0
4294501261,0
4294501260,0
4294501259,0
4294501258,0
4294501257,0
4294967293,0
4294967278,162
4294967278,49
4294967278,521
4294967278,161
4294967278,48
4294967278,287
4294967278,160
4294967278,47
4294967278,296
4294967278,159
4294967278,46
4294967278,520
4294967278,158
4294967278,45
